Treatments	Species	Thesis	Leaf	X397.32	X400.20	X403.09	X405.97	X408.85	X411.74	X414.63	X417.52	X420.40	X423.29	X426.19	X429.08	X431.97	X434.87	X437.76	X440.66	X443.56	X446.45	X449.35	X452.25	X455.16	X458.06	X460.96	X463.87	X466.77	X469.68	X472.59	X475.50	X478.41	X481.32	X484.23	X487.14	X490.06	X492.97	X495.89	X498.80	X501.72	X504.64	X507.56	X510.48	X513.40	X516.33	X519.25	X522.18	X525.10	X528.03	X530.96	X533.89	X536.82	X539.75	X542.68	X545.62	X548.55	X551.49	X554.43	X557.36	X560.30	X563.24	X566.18	X569.12	X572.07	X575.01	X577.96	X580.90	X583.85	X586.80	X589.75	X592.70	X595.65	X598.60	X601.55	X604.51	X607.46	X610.42	X613.38	X616.34	X619.30	X622.26	X625.22	X628.18	X631.15	X634.11	X637.08	X640.04	X643.01	X645.98	X648.95	X651.92	X654.89	X657.87	X660.84	X663.81	X666.79	X669.77	X672.75	X675.73	X678.71	X681.69	X684.67	X687.65	X690.64	X693.62	X696.61	X699.60	X702.58	X705.57	X708.57	X711.56	X714.55	X717.54	X720.54	X723.53	X726.53	X729.53	X732.53	X735.53	X738.53	X741.53	X744.53	X747.54	X750.54	X753.55	X756.56	X759.56	X762.57	X765.58	X768.60	X771.61	X774.62	X777.64	X780.65	X783.67	X786.68	X789.70	X792.72	X795.74	X798.77	X801.79	X804.81	X807.84	X810.86	X813.89	X816.92	X819.95	X822.98	X826.01	X829.04	X832.07	X835.11	X838.14	X841.18	X844.22	X847.25	X850.29	X853.33	X856.37	X859.42	X862.46	X865.50	X868.55	X871.60	X874.64	X877.69	X880.74	X883.79	X886.84	X889.90	X892.95	X896.01	X899.06	X902.12	X905.18	X908.24	X911.30	X914.36	X917.42	X920.48	X923.55	X926.61	X929.68	X932.74	X935.81	X938.88	X941.95	X945.02	X948.10	X951.17	X954.24	X957.32	X960.40	X963.47	X966.55	X969.63	X972.71	X975.79	X978.88	X981.96	X985.05	X988.13	X991.22	X994.31	X997.40	X1000.49	X1003.58
Sl_+N+Fe	Sl	+N+Fe	3	0.156368045122167	0.13727083737066	0.118881490534815	0.109218594472954	0.100637520730722	0.0952360812333826	0.0919802673444321	0.0886041985314778	0.0853862520661417	0.0820118208759297	0.0789382327383405	0.0765535103567936	0.0749728056166618	0.0728204681081237	0.0712809754790518	0.070176520993926	0.068707364243048	0.0667908153064662	0.06592617409495	0.0646637017420801	0.0639745133695238	0.0639788813095808	0.0633330785460458	0.0626884545022515	0.0622843171207822	0.0616455915058208	0.0615728984749787	0.0608360128027489	0.0608495269838309	0.0606410550980513	0.0601636027924348	0.0597951067700103	0.0598840695086994	0.0602508471967092	0.0610605512334904	0.0620670493518643	0.0640517068467326	0.0669355806593602	0.0711097604322456	0.0770224583841605	0.0848201450151692	0.0951930283544011	0.107658475513495	0.121883259441689	0.13670081173569	0.151218560711965	0.163729380398365	0.17359899827226	0.180666189584102	0.185165049069111	0.188295609363754	0.190929644617177	0.192650508050569	0.193857604843128	0.193661518947366	0.191716958673054	0.188130027795132	0.182439540233108	0.174447024524381	0.16500225416721	0.154662535324012	0.14506541246357	0.136886209617776	0.130378343632352	0.124603445241546	0.119785849408675	0.115516474024311	0.112345555110236	0.109961295252517	0.108024635348653	0.106287592476651	0.103865979023334	0.100634597875744	0.0967568098974658	0.092147906962428	0.0880236655912811	0.0846150605850799	0.0815518218138655	0.0799049370295364	0.0794008343901924	0.0794272228912539	0.0793493963076871	0.0781787588533736	0.0752632563700014	0.0715870681951821	0.0675954943940666	0.0641268966754919	0.0618475646846449	0.0605253469652209	0.0592565024501782	0.0576065111933665	0.0557999876009109	0.0544369576991086	0.0533945216025321	0.0532230803523453	0.0534495318772363	0.0541698599159859	0.0553353162475298	0.0575798494748402	0.061355967906803	0.0702533870793794	0.0869946826794698	0.114001174531735	0.149816691797552	0.192173230274095	0.236552882344663	0.282207271601197	0.326470143852238	0.371061881912071	0.411428566809616	0.449476581449291	0.487714913634746	0.524036915866594	0.556947561157973	0.584996502832314	0.607348962060172	0.626350594309119	0.640738097122187	0.652160436283272	0.661557176833823	0.668298237790626	0.673254628371829	0.677661292141608	0.681285492820884	0.683439190453449	0.686609854433019	0.690444481520145	0.693864450425249	0.696672073561882	0.698632287180242	0.69997788220644	0.701164554082168	0.70177121950533	0.701667490765849	0.70302103530658	0.70519360514648	0.707856970113266	0.709161486349178	0.711437112449919	0.711819425876829	0.70969769783573	0.703966710589004	0.699702922608915	0.699159636583618	0.702479098091334	0.706731746093628	0.710427814506759	0.712909686446416	0.716516428573956	0.717782475677506	0.720348609321017	0.723564220358663	0.725481781301163	0.726480648091537	0.727603480163182	0.727560581533174	0.729417766483337	0.728573048352742	0.73007896794679	0.731598853668332	0.731368919459132	0.732073987958095	0.734859323546913	0.73532105682014	0.737865880330025	0.738411447791092	0.738812680593461	0.740950457185166	0.739389550493244	0.738882322728407	0.739171263779524	0.735610130253626	0.73498137830668	0.733154345176292	0.733875978752234	0.733208298031594	0.733396314651114	0.734502563741723	0.735507074672686	0.734942041422477	0.733595121212785	0.733015853500864	0.733821689742599	0.733152231279434	0.729692324174447	0.73098074038559	0.730019050660922	0.727735091326581	0.726862089488896	0.725557618353076	0.724392441260724	0.721428292162518	0.726751159125861	0.723743141632343	0.72903541523694	0.726148889035326	0.730765383931393	0.72852714189785	0.731852444717412	0.729835869213247	0.731113426472297	0.730813357851577	0.734757089371237	0.595497545917224
Sl_+N+Fe	Sl	+N+Fe	5	0.336767697610903	0.289659107746929	0.251961435717681	0.226501701869785	0.206728366610356	0.190580664170599	0.177859865474761	0.166482669802812	0.155195764273651	0.146744923788085	0.139027069678597	0.131853302274058	0.125508930512809	0.119832744519951	0.114767181308725	0.110668134581337	0.106240277230095	0.102004185607875	0.0984775262819076	0.0958600879634404	0.0930082320513349	0.0908427470483866	0.088892576629882	0.0868810273763751	0.0850074585865844	0.0831552313833727	0.0817990642341738	0.080165211241562	0.0789246271658648	0.0777074363336052	0.0764533658402404	0.0755019786081455	0.0748654150978933	0.0742329011866035	0.0742408357612736	0.0745039256520507	0.0756638210719168	0.0775322185217083	0.0807398278775369	0.0853055856899327	0.0918352646588597	0.100582913177659	0.111376841750898	0.124128282922737	0.137755393569854	0.150813768926276	0.162090669334578	0.171207847153011	0.177543840587177	0.181915945532741	0.184486893810289	0.186378480159622	0.187957189418257	0.189583547943841	0.18949017617366	0.187534635210408	0.183617014468701	0.177772485131832	0.169996909816137	0.161023695190015	0.151217434325569	0.142303354341894	0.134498414976045	0.128048721357507	0.122766852890391	0.118282154453497	0.114520697620592	0.111600477141858	0.109336610871632	0.10737748392452	0.105542036260076	0.103325537740426	0.100467087839506	0.0971757716203827	0.0935561528591615	0.08999170237431	0.0867557026071678	0.0845004213027755	0.0829750763753266	0.0822897171157602	0.0821210831635822	0.0814790400094426	0.0797769806364957	0.0770402796097568	0.0737608402744835	0.0704216781437624	0.0678186665720721	0.0658674835021982	0.0648911993119342	0.0639628680909581	0.0626679226538215	0.0613099046818822	0.060392816895021	0.0600355166375864	0.0602898087023324	0.0610121712562239	0.0622212993193036	0.0637894701236327	0.0660794696025195	0.0695009892149215	0.077178104174929	0.091643391708735	0.115903671435391	0.148592905076877	0.188142480133296	0.230441136433679	0.274351644974488	0.318354077812447	0.362862136113135	0.405846465054546	0.448607570830986	0.488370256407277	0.523798043001857	0.557805685180808	0.588656719804795	0.612298527968134	0.632115565472473	0.648111442188055	0.661120872264899	0.671185830540514	0.679401337929917	0.685059838702704	0.690732256572714	0.694187192593269	0.696937258597475	0.700372043606284	0.702426581153881	0.704368437977255	0.705640038107128	0.707108339286502	0.707296874689131	0.708867164152258	0.710655497087465	0.711742523666862	0.712582656250436	0.714408555155109	0.715838819761148	0.715299825719868	0.717338910469642	0.717874731179338	0.718277177383243	0.716623750865194	0.716858686494433	0.715420320393246	0.717397494673804	0.717594060826589	0.719143904892411	0.719493181669098	0.721408393378479	0.721415074782544	0.721415162200163	0.723170546460742	0.722726285078687	0.723475931407688	0.723124431449747	0.722900433632801	0.723867092402361	0.723170424106389	0.724260391396318	0.724847876108609	0.724118781332293	0.724918350056334	0.725722372986598	0.725553282945685	0.72669272894929	0.725985081879409	0.725591561480532	0.726991890837868	0.726003483951432	0.726448413754297	0.727356648528492	0.725307363805995	0.72589214634001	0.725276802841145	0.726773774025172	0.726564460094764	0.725939246400177	0.728111961656365	0.727868146943348	0.72713002734933	0.725786248703936	0.726334190982508	0.726888925500228	0.727589067348763	0.725097552500783	0.727677063811605	0.727266508950902	0.727319632225254	0.726540596714007	0.727649664280146	0.727058422239586	0.725906927988776	0.730958353427285	0.730023224378041	0.735352950003673	0.732939083676238	0.73901871466288	0.739124573004602	0.743644096483035	0.74477951328086	0.747987099195542	0.751419494543118	0.757205025981507	0.658598417737115
Sl_+N-Fe	Sl	+N-Fe	1	0.401038601357712	0.35569960082698	0.319215768253022	0.29214581677377	0.270570237200144	0.254149256608425	0.239293827630176	0.225930173512537	0.215365203697117	0.204675870361151	0.196672491156137	0.188119508092559	0.179979673817626	0.174215378669592	0.168764794738883	0.164613431505328	0.16260945975271	0.160016689545068	0.160299198325203	0.160817794162153	0.161406259973164	0.163416434344742	0.164866755682009	0.165974807004813	0.167416424896472	0.168110940594788	0.16807124005933	0.167407095262467	0.166701933109013	0.165946931028977	0.165675845283728	0.167279789908828	0.171785005901613	0.179336153904766	0.19033560449751	0.204221878975544	0.222433829154723	0.243926797412399	0.268724375895285	0.295217520703277	0.323120960270577	0.35080772443035	0.376820243024758	0.401226170806803	0.421798496801629	0.439033405393616	0.451583501662623	0.462337722720583	0.469995239945898	0.475405251962846	0.479214520620824	0.482879066399359	0.485512270377232	0.488677391893843	0.489027612484418	0.487782135138824	0.486213427663189	0.483138810535441	0.478369286596944	0.472259253433287	0.46490531837159	0.456459307178133	0.449038293371852	0.442466326758392	0.43697130603668	0.431847800259236	0.427153713173336	0.423704235896765	0.420841454398258	0.418085563726234	0.415499873650379	0.411399820676216	0.405584642010876	0.398634715297622	0.389771668235121	0.381250902755647	0.373551501168145	0.367718607611805	0.363561449694497	0.361077893620882	0.360237221772174	0.360974570072953	0.358766007499817	0.353718002255146	0.344114842450516	0.332616710085474	0.319800414930381	0.307395192760008	0.298666842812486	0.287702873136922	0.272903803789038	0.254881790602988	0.236571117917187	0.220280992615426	0.208406495190413	0.201176895014411	0.198840412510256	0.203993046746464	0.222508383994428	0.258606211200059	0.30959582460402	0.365314147029167	0.41754440776473	0.461141145382172	0.496281090285363	0.524790287272543	0.548688572356503	0.568551433731687	0.585612481136267	0.598500622049016	0.611662014512255	0.618715089101057	0.624992287651426	0.636166695431087	0.645261274358825	0.648872268335771	0.654613744838964	0.658129476583921	0.660756258118865	0.663309177611967	0.66583733205442	0.667640526919623	0.669877661429239	0.67172029903132	0.671856959491034	0.673330654445876	0.674440511441298	0.676628731934093	0.677219517804958	0.679409716373834	0.679440778459918	0.681131394160778	0.682265962290967	0.68317783719454	0.683721942609531	0.685099734539999	0.687315757542933	0.687059745744422	0.689495138632945	0.689467511455557	0.689895241773366	0.687479698250436	0.686736388933285	0.683494446199504	0.685250725586529	0.686655345635536	0.688577120715057	0.689105447201307	0.690563137035424	0.690602142416853	0.691168497430632	0.692694094785598	0.692505268799273	0.69340791831329	0.693325011139242	0.693274809509261	0.693873972634644	0.69336789277544	0.694002401540082	0.694443873190811	0.693795700018901	0.693801712021868	0.69498263838624	0.694364622702286	0.696048923197634	0.69482373537501	0.695557642356622	0.696672838977259	0.696726846813815	0.69687811312852	0.697381468070538	0.695511598447788	0.695670854501914	0.695788495815717	0.697331480830483	0.697368356322291	0.69614454696321	0.698351400445329	0.697808832694322	0.697994894111937	0.697135452616248	0.696860948264429	0.697979314884229	0.698764187657935	0.69649863956321	0.699040510630675	0.699911735675953	0.698780941487717	0.698722121892152	0.698336152014909	0.698945527572577	0.698128973401849	0.702564583289996	0.702404225314105	0.707915019105981	0.706852565718512	0.713674767998888	0.71460295428238	0.717929483309091	0.719946533696264	0.724300897698796	0.726119736320952	0.732574601628501	0.657668719943772
Sl_+N-Fe	Sl	+N-Fe	2	0.363688970456307	0.319864094577122	0.283655530649193	0.257366156501319	0.236249036415452	0.220213490078633	0.206786569064011	0.193829279376969	0.183411602554403	0.174010908175179	0.166457029563162	0.159354708832988	0.152010093734883	0.146101107413165	0.140729087872566	0.136462169831274	0.133904180717314	0.130958490777169	0.129926089149432	0.129247592514292	0.1290823923256	0.129954553788823	0.129847744263932	0.128950174642095	0.128828294175505	0.127880242249484	0.127371378914481	0.1267106748254	0.126363539468704	0.126109089558472	0.125432081936255	0.125968868640359	0.127716914682685	0.131084055619817	0.136857839245269	0.145130316187255	0.156933615295927	0.172439524320317	0.19194412548015	0.214994639062318	0.24150554829401	0.27008712227764	0.299278700780203	0.328154067496885	0.354787090529443	0.377708622666131	0.395542972077627	0.409739657724875	0.419551573310031	0.426186386863561	0.431276721312252	0.435152843530597	0.438290094549052	0.441358352231877	0.442567307038368	0.441400781593609	0.437529984270042	0.431095857253146	0.42228468088633	0.411300483051799	0.398347425966047	0.385196604186373	0.373388078559365	0.363250525980036	0.3537928347232	0.346058212636366	0.339166058331344	0.334182409353778	0.330054275467672	0.326554350235175	0.322851631966271	0.317259509676004	0.309629031868707	0.300148122716103	0.289060459564172	0.278890715328408	0.270459874728974	0.263841528141703	0.259319881033232	0.256646395305195	0.254359068213102	0.252352097963058	0.249669712980161	0.243804591056359	0.234795481542149	0.22279316588213	0.210506508854325	0.19997249492504	0.190920611723553	0.180685833799992	0.167292907786087	0.152584648087556	0.138265546986857	0.126964701283643	0.119650745692427	0.115713334358557	0.114625566123381	0.117343269256563	0.128235838555854	0.151830025752726	0.193287852448071	0.24908942892316	0.311790176439438	0.371796875712441	0.425551611658329	0.471579732749083	0.51099274163594	0.544618588852268	0.574053001570087	0.59872589698421	0.620732030771321	0.639117947719639	0.655893074148714	0.66718846495571	0.679797907691656	0.6890794707726	0.696971136101325	0.702955906994864	0.707746908644238	0.711965092517787	0.715389836243805	0.71770102322869	0.7212142284336	0.723562152088967	0.725508085392063	0.72816515685151	0.730735600506287	0.732564946356761	0.733449231273626	0.734504790904695	0.734860494668903	0.735877233385528	0.737195431930312	0.737837114303408	0.738381669117145	0.739162511324166	0.740468398695851	0.74001957162767	0.740745897968439	0.741196311466683	0.742015280948688	0.741104456871875	0.741827761410643	0.742719129943029	0.744647164585252	0.744035487906615	0.743912775373254	0.743701592919141	0.743874054482054	0.743632469182362	0.743733051252979	0.744589806370469	0.744071090553963	0.743769283714212	0.744244536744678	0.74307553310251	0.743506833079546	0.742220400484846	0.742809203945004	0.743934875522048	0.742835259872444	0.742697525433716	0.743468930025469	0.743044715198836	0.743239740573285	0.743165939918403	0.742295984802328	0.743203974332932	0.7422784910949	0.742488948700254	0.742168150618352	0.74057164749874	0.740072151749942	0.740313634340343	0.741538744883475	0.741056737214199	0.740542450687916	0.740984488070778	0.741398612061283	0.740334978303172	0.739449503723643	0.739127701060454	0.739095400459265	0.738658311668895	0.737314389754774	0.738587622350889	0.738121302086908	0.738523971753059	0.738029708806025	0.737493115177482	0.737788858459742	0.734656542923317	0.739355227722118	0.738086057706963	0.742396395733428	0.739757211551134	0.745680747114026	0.743322513389996	0.748480897732558	0.748930400277412	0.75251361535854	0.754675277568751	0.758789581546456	0.6725855807378049
Sl_+N-Fe	Sl	+N-Fe	4	0.374086781398399	0.329243544515196	0.29072205909899	0.26334585968431	0.242168405203969	0.223999735879731	0.210306278162902	0.197324227932449	0.186294651271163	0.176939428425752	0.168904925924497	0.159705322808944	0.151988310335607	0.145849711411482	0.140321238760973	0.135901893248091	0.133318824862891	0.130650922786314	0.129887295847797	0.12945265625115	0.129417432589339	0.130505919560685	0.130718672817403	0.130637618315803	0.131488642101729	0.130773260798696	0.130269294070613	0.129509575013722	0.128997551342407	0.128467408301947	0.127967214276949	0.128694146506853	0.132181822003184	0.137353407518638	0.144985289163105	0.15609197427968	0.170708223213474	0.189067683983724	0.211834126783834	0.237034935894962	0.265281032588515	0.294196999677411	0.32316696503154	0.350945897191971	0.37534020637924	0.396207575770941	0.412698305986977	0.425430290557287	0.434242106296799	0.44033247336641	0.445467278569728	0.450435970942457	0.452543243349015	0.453987785048418	0.454006669092011	0.452984406814708	0.450993684413549	0.446490971671117	0.439132384278557	0.429666502596615	0.418412554983075	0.4070729928521	0.396809723566878	0.388355315825739	0.380250735716386	0.37305371390356	0.366727023952073	0.362221018886649	0.359340128625606	0.356502561615063	0.353765391021758	0.348071340705964	0.340453339675506	0.330995130789029	0.319329641655191	0.308361535305743	0.298833110063642	0.290816145551788	0.287134812219993	0.286565732549537	0.288087420842864	0.290154537225103	0.288487666970366	0.282990045428692	0.274078774545993	0.261586188644796	0.247979889434951	0.236127132849468	0.22620028950326	0.214636298925518	0.199563527180181	0.181790806144684	0.164919422587731	0.150624182335771	0.140383675043191	0.134043602168664	0.131904929928429	0.134758487174456	0.148439483026732	0.177388104838091	0.224888481017384	0.283260599820763	0.344048412946554	0.399478955962858	0.447994277819053	0.487896106147265	0.522175660083343	0.550035301100957	0.574532464146614	0.588836668775631	0.604044356441997	0.617872815448921	0.63293491658214	0.6464862389998	0.656377395966669	0.664177166415261	0.670647802469613	0.674049793840288	0.677310644329844	0.680728169587942	0.682657396876728	0.683783574537797	0.686215256269161	0.68695561389823	0.688100753547428	0.689259515358851	0.692036825043338	0.694936034771112	0.697078931790131	0.69864733652635	0.699260710627882	0.699927446308669	0.699944731447246	0.700265555115012	0.701196495261225	0.703512586913742	0.705624361555059	0.706417022885142	0.707965440266615	0.707515885363092	0.703464198362577	0.696173823796785	0.692680929507408	0.690756962015912	0.694452170933876	0.697050637090122	0.700415807795691	0.701592298862817	0.70358732634491	0.703988714026404	0.704726061204096	0.706969503130946	0.707335502742887	0.706807743836116	0.706890705373737	0.706449661638353	0.706108287706241	0.704988910601689	0.704572025504145	0.705315058881586	0.704257339447528	0.704797645340432	0.706046244272818	0.707010024077408	0.707736213098872	0.708270729630143	0.707740227242449	0.708519369155376	0.708015732206664	0.706892488928108	0.707926533022126	0.704582224567453	0.704188710326081	0.703025594666287	0.704691004086207	0.703750193744272	0.705048596733933	0.706687405184432	0.706844957141609	0.706141545847579	0.704681656368962	0.705728196180783	0.705517076528989	0.705474224123921	0.703012115471846	0.704177751616164	0.703336984961182	0.702867935379068	0.702465992499064	0.702178276293761	0.701975550268079	0.701201630847437	0.705209534693431	0.705274260544276	0.710958091945915	0.710035284916004	0.717031877149235	0.717364397082295	0.720675091643433	0.721077022852597	0.725775037820522	0.728653916112192	0.733045821423297	0.661493607751139
Sl_+N-Fe	Sl	+N-Fe	5	0.388038723572204	0.345319706827538	0.310710808593932	0.283525172229771	0.264921302460644	0.248599231039008	0.235573368393667	0.223639225306576	0.212531240971665	0.203263887259513	0.195878331655781	0.188211463834052	0.180299597583949	0.174438827454227	0.16944076107245	0.165563795562476	0.1633631160066	0.160939729649182	0.161157147559128	0.160858045361902	0.161431885269134	0.163146691677505	0.164204377561943	0.16510308982983	0.166433605633369	0.166469284490635	0.16646087870478	0.165833330419782	0.16554645445521	0.164921779474711	0.165100152089715	0.167089105162718	0.172166985599962	0.179722777376436	0.190307798042689	0.203884945204268	0.221260321534931	0.241808237482423	0.264755225480963	0.290109951202183	0.316572488442947	0.342823252966414	0.367525045662165	0.389729471987785	0.408316547739995	0.424657487229669	0.437166822963653	0.447340876136196	0.454089037563702	0.458716469540443	0.462786956532905	0.466978835528844	0.469304239096706	0.470698741404977	0.470610832310702	0.469879438887992	0.470059669249133	0.467527314204059	0.46312819931605	0.457629246798824	0.450117863952841	0.443126530611896	0.436786260438836	0.431852351448851	0.426290973476623	0.421492827333271	0.416738275795766	0.413532645598938	0.41089566092785	0.409076282695003	0.406882191629714	0.403056883036273	0.397667093908405	0.390661644949216	0.382083597656798	0.373643264446628	0.365913557067309	0.359120195518889	0.355077121832055	0.355301957084163	0.357546451361212	0.360230795392707	0.358550222360924	0.35187689592577	0.342101671448036	0.32944881725529	0.31527993858677	0.303981247830064	0.295587919618441	0.28647634713617	0.273122296009433	0.257047755056864	0.239902367942953	0.224330951838188	0.21336060935912	0.206419791601019	0.204149029400522	0.209192309851787	0.227807699000998	0.262702874873326	0.312512273453686	0.366434174789685	0.417145802005785	0.458288240106138	0.493200270144362	0.520446730258802	0.543853908505069	0.561522205262423	0.577542180612207	0.587454578783958	0.592460219446382	0.6020496425019	0.611657312607656	0.621676218836274	0.629069770307845	0.633955427909006	0.638756992065743	0.64204861570711	0.644619564623593	0.648077280009718	0.649943895399842	0.651506960391998	0.653896023421527	0.655641741132083	0.656218657210537	0.658756271617053	0.661787544891714	0.664850488509217	0.667499426973464	0.668996209695458	0.670358310279236	0.671394777080239	0.672065883602725	0.672214745658717	0.673722898579079	0.67583604381509	0.678787984940559	0.679916274057675	0.681897078883158	0.682466698019471	0.680674911770102	0.675144984569723	0.670715688570449	0.66962984081817	0.671892745854103	0.675411038474949	0.67756042877833	0.679049552303471	0.681619444122053	0.682001821254486	0.683594714697093	0.686156473747671	0.686746925796003	0.686632571427245	0.687396390661257	0.686375133114862	0.686850368160091	0.684531432852897	0.686069909023912	0.686021153785322	0.685617328778793	0.685484958565942	0.687177735512659	0.688127288671389	0.690164390492112	0.689960658686346	0.690613136852168	0.691700320946027	0.691083769683968	0.690634755511262	0.690398060023512	0.688892156566114	0.688056535372451	0.687335957947387	0.688382521203663	0.688818169238904	0.688808425376404	0.690199467689479	0.691636698567159	0.690645732700008	0.690037103412358	0.690211685416905	0.691707582370331	0.692058818389291	0.689525854641988	0.692279494516381	0.690928164682431	0.690260310151261	0.689891530770689	0.691201640998936	0.691410129200922	0.689608636375975	0.69424798812496	0.694610810170979	0.700479476419213	0.699387645748652	0.705779879877012	0.705112596352895	0.709467015582132	0.708966132168356	0.713671389916171	0.716908135234493	0.721220005592799	0.645601076486448
Sl_+N-Fe	Sl	+N-Fe	1	0.402330722106565	0.356459194480782	0.31747923260278	0.289535006452905	0.266352009950297	0.249127745407052	0.235348414814118	0.220806409374322	0.208924207430664	0.19814601282377	0.188820258741921	0.179731881116876	0.171155716523085	0.164275386988526	0.158270777304573	0.154243484360746	0.150940064599018	0.148919551494983	0.148109255598323	0.1480577047361	0.148961779652255	0.150608126885525	0.151577952437766	0.152272765958073	0.152838041139121	0.152578880512478	0.152657655980622	0.151888385488845	0.15170046731387	0.150554304997814	0.151051550476562	0.152122309929368	0.156391867095291	0.162865316513741	0.172688995921375	0.185850882035965	0.202719917760627	0.224159972428685	0.248968737624069	0.27644561791774	0.305852227208047	0.336389837509924	0.366185915868471	0.394022600116706	0.417379649853942	0.438045791470178	0.453568143567236	0.466383505723264	0.474847786792434	0.480672134326236	0.485900740959856	0.489801897418381	0.493068799376487	0.494884343873156	0.494376398106612	0.492728372611621	0.49062894092928	0.486254066671475	0.479707326629374	0.47097212828622	0.459844691918628	0.449424800896408	0.439679437713457	0.431461249985317	0.42369624278923	0.417145233195607	0.410867808478893	0.406439839687087	0.402564262989724	0.4001101430985	0.397335210575325	0.392180127746397	0.384814995128919	0.375982750317837	0.364886606683825	0.355383290807799	0.346588130192001	0.339307620900102	0.334053881687693	0.331572880027907	0.332416142051172	0.332991706926633	0.332382366134978	0.325348322418066	0.315808503123203	0.302529693608826	0.287792591027694	0.274684295722163	0.26507593473733	0.253952175157495	0.238828545897313	0.220934984449407	0.202644371233954	0.187077399158831	0.176178246293917	0.16938404757345	0.16703010162357	0.171485525989296	0.18876404104994	0.222770789103342	0.27464723413681	0.336254568825853	0.397985331345312	0.451757484733468	0.497899594725948	0.535452671127744	0.568688612615708	0.594718656475001	0.618325914929408	0.637362703238383	0.649656126699825	0.659480873753528	0.675113313416443	0.688815638570502	0.698883341680658	0.705368942110845	0.711979548529823	0.717290808363716	0.720129545667384	0.72325530471188	0.725791695979562	0.727628054890302	0.728970957864629	0.729971064494388	0.730146981997065	0.732575515119156	0.733634715328122	0.736302488216079	0.73774712835208	0.738794430057601	0.739607357742762	0.740117312953023	0.740579237442205	0.739760315064156	0.741394925530594	0.742532091565651	0.74608238587285	0.746541791033036	0.748735405726007	0.749329891535315	0.748139422128696	0.743905004298332	0.739061390114302	0.735955821995688	0.738651934236583	0.741722836647883	0.743610386211093	0.744305913106049	0.746425175725823	0.747326284056842	0.748017328210396	0.750366174053437	0.75078745850242	0.751629874257758	0.75102608481256	0.751089091053103	0.750279498572396	0.748420869064803	0.748784949283788	0.74898095296161	0.748549695062165	0.748663146897117	0.750397653567909	0.74974174753274	0.751614745300595	0.751899331217945	0.752309301111957	0.753943095112791	0.752760195200986	0.752794076015453	0.753565302579709	0.750813031550681	0.750036580432759	0.749703795012861	0.750934182417274	0.749884852088323	0.749844060085787	0.752217892668034	0.753012338192156	0.752578723843735	0.751999843533676	0.751622099982629	0.752658778783118	0.752702339745984	0.75048612397496	0.751488920190546	0.75098098003038	0.750760479728774	0.750452486890377	0.749717317890412	0.749385103435799	0.747671957063202	0.751556798963263	0.751842682314391	0.757440386137159	0.75714701384601	0.761962546865538	0.762389612374919	0.767916143530666	0.768694827757259	0.772915655433541	0.774391173726261	0.779730957333404	0.694764007731239
Sl_+N-Fe	Sl	+N-Fe	3	0.39968216235255	0.353291582423473	0.31589663102303	0.286837154087215	0.263856274846159	0.24643047166214	0.231697857502556	0.217943709083054	0.2060621448873	0.195417201690713	0.186202168219374	0.1776208295621	0.169434757328327	0.162819297961246	0.15665057736905	0.152584999217172	0.149582337480758	0.148057411145035	0.14762775952556	0.147199364172087	0.148366179393888	0.149961224554006	0.151135948030546	0.151468676396112	0.152188471652598	0.15225507450815	0.151981364767001	0.150771479087847	0.149882948416986	0.149332333708741	0.148957480680304	0.150570952230029	0.154633112190436	0.161158031918139	0.171533000444679	0.184853001631827	0.20226177352446	0.223795120178917	0.249316162287943	0.277165125120323	0.307059159923973	0.337293700855455	0.366821424583348	0.394935427317894	0.41905197071931	0.439642350246876	0.455422397503637	0.46779426343647	0.476624820948628	0.483034214917033	0.487313038773006	0.491158477870034	0.494219698042535	0.496945965253276	0.496663881979361	0.494699111936514	0.492370647719367	0.487398040883335	0.480909079558564	0.472293444069815	0.462026472874139	0.451102166877362	0.441205300850632	0.432928161304674	0.425054458065778	0.418642520413967	0.412366091101257	0.407966737026049	0.404325923372688	0.401375211744642	0.39799559582408	0.393285411620826	0.385787347829881	0.377624583465081	0.366421446510793	0.356302754746543	0.347816165827919	0.341010426297599	0.335844624618934	0.33271616648254	0.332470286530231	0.333094360590471	0.331914823977544	0.325428017556912	0.315335170170407	0.302319129185421	0.287792795786151	0.27481043167075	0.265062867184725	0.253314247285878	0.237874275065743	0.219853958352603	0.201860311866542	0.185992569988401	0.174833823102737	0.16810568011224	0.165767344979592	0.170076436405319	0.187160732416213	0.221914562423533	0.273433942669703	0.333968336812753	0.393903323161749	0.446843847080513	0.490655741328565	0.527619988584714	0.55967069003317	0.586005440219439	0.609224797031025	0.62776566079124	0.645131640473511	0.653614557942245	0.667939607498577	0.68172611265516	0.693764740056952	0.700441517211772	0.70779779577942	0.712185084451863	0.716161708037058	0.720372470563331	0.722955563554057	0.725478181255207	0.7273196904257	0.729787162547248	0.729434055310708	0.731699915457164	0.733340782638439	0.736235921274978	0.737115818286628	0.738879075511492	0.739500191967183	0.741216818736904	0.742091675354129	0.741980077553187	0.742585518232588	0.743493351916717	0.746010196307068	0.745694880622895	0.748816575533078	0.748093457624254	0.747704212802918	0.74367285731398	0.742009289716006	0.737850914276185	0.740295165605505	0.742443815916163	0.744285420871075	0.744942287604014	0.746516469574759	0.747474398142025	0.74718880530738	0.749197651574641	0.748366589408843	0.749831727012194	0.749229550852206	0.748531451686419	0.748505984068898	0.747421260969138	0.747769280716225	0.748429147794904	0.746848023967978	0.745699418915642	0.747779863361468	0.745933720113809	0.74807435494882	0.747491730338752	0.748347264503745	0.749849344477241	0.748268706808364	0.74815740752122	0.748178184277726	0.745985121148113	0.744909854092225	0.744514130025243	0.745968296939944	0.745969997266683	0.744435891938307	0.745943324556076	0.74693639091994	0.746276695296597	0.744247036215699	0.745144748638686	0.746115599394825	0.745765912434691	0.743701360353226	0.746073148378128	0.74587941439554	0.744812238363572	0.743634505772296	0.744017996415189	0.744375527150346	0.742145217740486	0.746152113003985	0.74697321874124	0.751690893506807	0.75079545268306	0.755031403690699	0.756885725284309	0.760984188489953	0.761999536934212	0.765436103805102	0.76829853960516	0.773484295778313	0.687382370601465
Sl_+N-Fe	Sl	+N-Fe	6	0.396891462095713	0.35032396178461	0.313620707746279	0.284911950934404	0.262217035569713	0.245402001981007	0.230304411323057	0.215635189649748	0.204186440945345	0.193757806794118	0.185003922904952	0.175770066804805	0.168401613326395	0.161849688001945	0.156043270886954	0.15191774255475	0.149071164134532	0.147237424501928	0.146289067206072	0.146640462600915	0.148057144156283	0.148787001179436	0.149424389130988	0.149878616008044	0.150258440671667	0.150045221934547	0.149703135219334	0.149008931960426	0.148147884314343	0.147697590207312	0.147783214047466	0.149263006229858	0.153560855673194	0.160005709335292	0.169607466139362	0.1828091296099	0.1996988811567	0.220004035254656	0.244417492363412	0.270905207190136	0.299598884616194	0.327899384043984	0.355842561203207	0.382101398571736	0.40461565360511	0.423216445971343	0.437450567039392	0.448553739967992	0.45623438237077	0.461722074255431	0.465917503934795	0.469004956342406	0.471186473713082	0.474244764295674	0.474436667342643	0.473645677337538	0.471383410995289	0.467042243750081	0.460502103055264	0.453079261011996	0.443384900268188	0.433868732661177	0.424797154584173	0.417198723318886	0.410030156879101	0.403705293175864	0.398100461831874	0.393764671801173	0.390499201703206	0.387385965067114	0.383989244025979	0.379763977002289	0.373500239882765	0.365657313732104	0.35604871952601	0.347342381622158	0.339593931106524	0.333460945614987	0.329000069765047	0.326576947660769	0.324427150821281	0.323524615858907	0.320043423249896	0.313410292069117	0.302714101759727	0.289356655656954	0.275874786794522	0.263800201779705	0.254695298476407	0.244775444437555	0.230820771075237	0.213656716006623	0.196423331307152	0.181331918906357	0.170829991162833	0.164512054605335	0.162902666645198	0.16752675327204	0.184639164788574	0.218092593432819	0.269237846725404	0.328187407578452	0.386018498805956	0.435501521421691	0.476964712479693	0.51007355657001	0.537675357976202	0.560604453760351	0.580185556310718	0.596409604879422	0.610520707853769	0.622116211107221	0.629864240770286	0.639791569467318	0.648830104008906	0.65508097376527	0.659317221008451	0.66327888750087	0.666908021700584	0.669642869362049	0.671887039464745	0.673626662984406	0.675927366577299	0.677162802825539	0.678526068474613	0.680858601958064	0.681203066292455	0.682310857678537	0.683176613460152	0.683774269233315	0.683617628900344	0.685330508455718	0.686557723640722	0.687437969749256	0.687921480607178	0.68983200141939	0.691592058556228	0.691015903895857	0.692078975971135	0.692438201378967	0.693333595149261	0.691189019693493	0.691276316588881	0.688795351712717	0.690712011466592	0.691647395239038	0.691964129270133	0.693511490431209	0.694501574093339	0.694109550977157	0.695208597991426	0.696695081594973	0.695576801138409	0.696158215150994	0.696317137971436	0.69567311988712	0.696077196948272	0.695168919145724	0.696315755951876	0.697709418622787	0.696627135330674	0.697294250719964	0.698801527925803	0.698116016589989	0.698761703604358	0.698589497366867	0.697948453453301	0.699674138241568	0.699230749391566	0.699413491844457	0.700697881353777	0.698801890604913	0.699143554194498	0.698609716137923	0.70048548272774	0.70016699557924	0.699358061545312	0.702478490306832	0.701585147677168	0.70060547394941	0.700071544970496	0.700296451142952	0.701356531536511	0.701876718782435	0.69978400037787	0.702133022459213	0.702344216869375	0.702041101320988	0.701899224755454	0.701335622092424	0.702232931293336	0.701145309512898	0.705806016585247	0.704587615142434	0.710101800449824	0.709033541423452	0.715770664861646	0.715457514180975	0.721351223476862	0.72195656286121	0.725682028606113	0.728663894752998	0.733936860062981	0.65711013375029
